:40045
127.0.0.1:44956
127.0.0.1:44958
send {ADD_NODE 997894079 0 0 PROPOSER [::]:34651} to [::]:34651
[8 4 16 191 207 234 219 3 40 1 50 10 91 58 58 93 58 51 52 54 53 49]
conn
write
send {ADD_NODE 997894079 0 0 PROPOSER [::]:34651} to [::]:34651
[8 4 16 191 207 234 219 3 40 1 50 10 91 58 58 93 58 51 52 54 53 49]
conn
write
127.0.0.1:44960
127.0.0.1:44962
send {ADD_NODE -787107108 0 0 ACCEPTOR [::]:42753} to [::]:42753
[8 4 16 220 229 214 136 253 255 255 255 255 1 40 2 50 10 91 58 58 93 58 52 50 55 53 51]
conn
write
send {ADD_NODE -787107108 0 0 ACCEPTOR [::]:42753} to [::]:42753
[8 4 16 220 229 214 136 253 255 255 255 255 1 40 2 50 10 91 58 58 93 58 52 50 55 53 51]
conn
write
send {ADD_NODE -787107108 0 0 ACCEPTOR [::]:42753} to [::]:34651
[8 4 16 220 229 214 136 253 255 255 255 255 1 40 2 50 10 91 58 58 93 58 52 50 55 53 51]
conn
write
send {ADD_NODE 997894079 0 0 PROPOSER [::]:34651} to [::]:42753
[8 4 16 191 207 234 219 3 40 1 50 10 91 58 58 93 58 51 52 54 53 49]
conn
write
127.0.0.1:44964
127.0.0.1:44966
send {ADD_NODE -151003552 0 0 LEARNER [::]:37081} to [::]:42753
[8 4 16 224 188 255 183 255 255 255 255 255 1 40 4 50 10 91 58 58 93 58 51 55 48 56 49]
conn
write
send {ADD_NODE -787107108 0 0 ACCEPTOR [::]:42753} to [::]:37081
[8 4 16 220 229 214 136 253 255 255 255 255 1 40 2 50 10 91 58 58 93 58 52 50 55 53 51]
conn
write
send {ADD_NODE -151003552 0 0 LEARNER [::]:37081} to [::]:37081
[8 4 16 224 188 255 183 255 255 255 255 255 1 40 4 50 10 91 58 58 93 58 51 55 48 56 49]
conn
write
send {ADD_NODE -151003552 0 0 LEARNER [::]:37081} to [::]:37081
[8 4 16 224 188 255 183 255 255 255 255 255 1 40 4 50 10 91 58 58 93 58 51 55 48 56 49]
conn
write
send {ADD_NODE -151003552 0 0 LEARNER [::]:37081} to [::]:34651
[8 4 16 224 188 255 183 255 255 255 255 255 1 40 4 50 10 91 58 58 93 58 51 55 48 56 49]
conn
write
send {ADD_NODE 997894079 0 0 PROPOSER [::]:34651} to [::]:37081
[8 4 16 191 207 234 219 3 40 1 50 10 91 58 58 93 58 51 52 54 53 49]
conn
write
127.0.0.1:44968
127.0.0.1:44970
send {ADD_NODE -272874451 0 0 CLIENT [::]:43783} to [::]:34651
[8 4 16 173 136 241 253 254 255 255 255 255 1 50 10 91 58 58 93 58 52 51 55 56 51]
conn
write
send {ADD_NODE 997894079 0 0 PROPOSER [::]:34651} to [::]:43783
[8 4 16 191 207 234 219 3 40 1 50 10 91 58 58 93 58 51 52 54 53 49]
conn
write
send {ADD_NODE -272874451 0 0 CLIENT [::]:43783} to [::]:42753
[8 4 16 173 136 241 253 254 255 255 255 255 1 50 10 91 58 58 93 58 52 51 55 56 51]
conn
write
send {ADD_NODE -787107108 0 0 ACCEPTOR [::]:42753} to [::]:43783
[8 4 16 220 229 214 136 253 255 255 255 255 1 40 2 50 10 91 58 58 93 58 52 50 55 53 51]
conn
write
send {ADD_NODE -272874451 0 0 CLIENT [::]:43783} to [::]:37081
[8 4 16 173 136 241 253 254 255 255 255 255 1 50 10 91 58 58 93 58 52 51 55 56 51]
conn
write
send {ADD_NODE -151003552 0 0 LEARNER [::]:37081} to [::]:43783
[8 4 16 224 188 255 183 255 255 255 255 255 1 40 4 50 10 91 58 58 93 58 51 55 48 56 49]
conn
write
send {ADD_NODE -272874451 0 0 CLIENT [::]:43783} to [::]:43783
[8 4 16 173 136 241 253 254 255 255 255 255 1 50 10 91 58 58 93 58 52 51 55 56 51]
conn
write
send {ADD_NODE -272874451 0 0 CLIENT [::]:43783} to [::]:43783
[8 4 16 173 136 241 253 254 255 255 255 255 1 50 10 91 58 58 93 58 52 51 55 56 51]
conn
write
EOF
EOF
EOF
EOF
signal: interrupt
